Type|Is_Invalid|Actor_Id|Time_Stamp|Cost|Detail...
0|0|1|1779006600|0|1|1|20260517|1|0
1|0|1|1778922900|5000|1|上呼吸道感染|多休息多喝水
3|0|1|1778924700|3000|1|1|2
0|0|2|1779008400|0|1|4|20260517|2|0
1|0|2|1778925000|5000|1|胃炎|注意饮食清淡
3|0|2|1778926800|2400|1|8|2
0|0|3|1779012000|0|2|7|20260517|3|0
1|0|3|1778928000|10000|2|高血压|按时服药，定期复查
3|0|3|1778929800|5600|2|7|2
0|0|4|1779026400|0|2|10|20260517|10|0
0|0|5|1779004800|0|3|11|20260517|0|0
1|0|5|1778920800|10000|3|腰椎间盘突出|建议住院观察
2|0|5|1778923800|12000|3|CT扫描
4|0|5|1778929200|0|3|1|100000
0|0|6|1779030000|0|3|15|20260517|13|0
0|0|7|1779177600|0|4|16|20260519|0|0
0|0|8|1779181200|0|4|17|20260519|2|0
0|0|9|1779179400|0|5|18|20260519|1|0
1|0|9|1778836200|5000|5|上呼吸道感染|多休息，多喝水
3|0|9|1778838000|1500|5|1|1
0|0|10|1779184800|0|5|21|20260519|3|0
0|0|11|1779199200|0|6|22|20260519|10|0
1|0|11|1778856000|10000|6|糖尿病|按时服药，定期复查
4|0|11|1778860800|0|1|11|80000
0|0|12|1779264000|0|6|25|20260520|0|0
0|0|13|1779265800|0|7|26|20260520|1|0
0|0|14|1779269400|0|7|27|20260520|3|0
0|0|15|1779271200|0|8|28|20260520|4|0
0|0|16|1779285600|0|8|29|20260520|10|0
0|0|17|1779350400|0|9|30|20260521|0|0
1|0|17|1778661300|5000|9|结膜炎|按时服药，定期复查
4|0|17|1778666400|0|6|1|50000
0|0|18|1779354000|0|9|33|20260521|2|0
0|0|19|1779357600|0|10|34|20260521|4|0
0|0|20|1779372000|0|10|35|20260521|10|0
5|0|5|1778950800|0|120000|100000
5|0|11|1778864400|0|90000|80000
