Ward_id|Dept|Daily_Cost|Bed_Count|Empty_Count|Ward_Name
W|1|1|5000|10|10|内科一病区
B|1|0|0|0|
B|2|0|0|0|
B|3|0|0|0|
B|4|0|0|0|
B|5|0|0|0|
B|6|0|0|0|
B|7|0|0|0|
B|8|0|0|0|
B|9|0|0|0|
B|10|0|0|0|
W|2|1|4500|8|8|内科二病区
B|11|0|0|0|
B|12|0|0|0|
B|13|0|0|0|
B|14|0|0|0|
B|15|0|0|0|
B|16|0|0|0|
B|17|0|0|0|
B|18|0|0|0|
W|3|2|6000|10|9|外科一病区
B|1|5|1|1779102000|
B|2|0|0|0|
B|3|0|0|0|
B|4|0|0|0|
B|5|0|0|0|
B|6|0|0|0|
B|7|0|0|0|
B|8|0|0|0|
B|9|0|0|0|
B|10|0|0|0|
W|4|2|5500|8|8|外科二病区
B|11|0|0|0|
B|12|0|0|0|
B|13|0|0|0|
B|14|0|0|0|
B|15|0|0|0|
B|16|0|0|0|
B|17|0|0|0|
B|18|0|0|0|
W|5|3|4000|6|6|儿科病区
B|1|0|0|0|
B|2|0|0|0|
B|3|0|0|0|
B|4|0|0|0|
B|5|0|0|0|
B|6|0|0|0|
W|6|4|5000|8|7|妇产科病区
B|1|17|1|1779357600|
B|2|0|0|0|
B|3|0|0|0|
B|4|0|0|0|
B|5|0|0|0|
B|6|0|0|0|
B|7|0|0|0|
B|8|0|0|0|
W|7|8|8000|5|5|急诊观察区
B|1|0|0|0|
B|2|0|0|0|
B|3|0|0|0|
B|4|0|0|0|
B|5|0|0|0|
